 157 00
 235 01
 337 02
 376 03
2863 3
 414 04
 443 05
 562 06
 562 07
 654 08
 631 09
 717 10
 754 11
 836 12
 853 13
 896 14
 999 15
1059 16
1067 17
1094 18
1173 19
1367 20
 603 21
 583 22
 100 23
  41 24
  13 25
   8 26
   8 27
  11 28
  13 29
  14 30
   8 31
  11 32
5593 40
4498 42
5856 43
7299 44
5346 46
5647 47
6827 48
7740 49
5720 51
6526 52
7564 53
8239 54
6418 55
8039 57
10816 59
11988 60
8417 62
10105 64
11349 66
14014 69
9639 72
11411 74
12714 76
15678 78
11745 80
15569 83
17287 86
16152 88
7617 90
12267 92
10133 94
7974 95
2838 96
2383 97
2006 98
1486 99
1181 100
